# transform file /net/tautona/neuro/tmp/surfsvTvo6free/MRI/Freesurfer/mri/transforms/cc_up.lta
# created by madelyn.rubenstein on Thu Jun 25 20:56:50 2015

type      = 0
nxforms   = 1
mean      = 123.0000 111.0000 120.0000
sigma     = 10000.0000
1 4 4
9.984126091003418e-01 3.160085529088974e-02 -4.662080109119415e-02 8.414645195007324e+00 
-3.156645968556404e-02 9.995006322860718e-01 1.473993295803666e-03 4.176753997802734e+01 
4.664410278201103e-02 1.746229827404022e-10 9.989115595817566e-01 1.367486357688904e+00 
0.000000000000000e+00 0.000000000000000e+00 0.000000000000000e+00 1.000000000000000e+00 
src volume info
valid = 1  # volume info valid
filename = /net/tautona/neuro/tmp/surfsvTvo6free/MRI/Freesurfer/mri/norm.mgz
volume = 256 256 256
voxelsize = 1.000000000000000e+00 1.000000000000000e+00 1.000000000000000e+00
xras   = -9.999998807907104e-01 -5.960464477539062e-08 0.000000000000000e+00
yras   = 6.266661177287940e-18 3.942607497223747e-19 -1.000000000000000e+00
zras   = -7.450580596923828e-09 1.000000000000000e+00 0.000000000000000e+00
cras   = -3.210861206054688e+00 6.070281982421875e+00 1.084745788574219e+01
dst volume info
valid = 1  # volume info valid
filename = /net/tautona/neuro/tmp/surfsvTvo6free/MRI/Freesurfer/mri/norm.mgz
volume = 256 256 256
voxelsize = 1.000000000000000e+00 1.000000000000000e+00 1.000000000000000e+00
xras   = -9.999998807907104e-01 -5.960464477539062e-08 0.000000000000000e+00
yras   = 6.266661177287940e-18 3.942607497223747e-19 -1.000000000000000e+00
zras   = -7.450580596923828e-09 1.000000000000000e+00 0.000000000000000e+00
cras   = -3.210861206054688e+00 6.070281982421875e+00 1.084745788574219e+01
