# transform file transforms/talairach.lta
# created by madelyn.rubenstein on Thu Jun 25 17:48:56 2015

type      = 0
nxforms   = 1
mean      = 123.0000 110.0000 121.0000
sigma     = 10000.0000
1 4 4
1.061650037765503e+00 2.392384409904480e-02 -3.986778855323792e-02 -3.027524232864380e+00 
-2.848761901259422e-02 1.176133275032043e+00 -1.527474224567413e-01 1.221095752716064e+01 
3.288208693265915e-02 1.363466382026672e-01 1.044746756553650e+00 -3.371451950073242e+01 
0.000000000000000e+00 0.000000000000000e+00 0.000000000000000e+00 1.000000000000000e+00 
src volume info
valid = 1  # volume info valid
filename = nu.mgz
volume = 256 256 256
voxelsize = 1.000000000000000e+00 1.000000000000000e+00 1.000000000000000e+00
xras   = -9.999998807907104e-01 -5.960464477539062e-08 0.000000000000000e+00
yras   = 6.266661177287940e-18 3.942607497223747e-19 -1.000000000000000e+00
zras   = -7.450580596923828e-09 1.000000000000000e+00 0.000000000000000e+00
cras   = -3.210861206054688e+00 6.070281982421875e+00 1.084745788574219e+01
dst volume info
valid = 1  # volume info valid
filename = /neuro/arch/x86_64-Linux/packages/freesurfer/stable-5.3/average/RB_all_2008-03-26.gca
volume = 256 256 256
voxelsize = 1.000000000000000e+00 1.000000000000000e+00 1.000000000000000e+00
xras   = -1.000000000000000e+00 0.000000000000000e+00 0.000000000000000e+00
yras   = 0.000000000000000e+00 0.000000000000000e+00 -1.000000000000000e+00
zras   = 0.000000000000000e+00 1.000000000000000e+00 0.000000000000000e+00
cras   = 0.000000000000000e+00 0.000000000000000e+00 0.000000000000000e+00
