# transform file transforms/talairach_with_skull_2.lta
# created by madelyn.rubenstein on Thu Jun 25 20:42:53 2015

type      = 0
nxforms   = 1
mean      = 123.0000 110.0000 121.0000
sigma     = 10000.0000
1 4 4
1.111750125885010e+00 2.467793971300125e-02 -5.029715597629547e-02 -8.069286346435547e+00 
-2.972186170518398e-02 1.302594304084778e+00 -1.129568368196487e-01 -6.221703052520752e+00 
4.671690985560417e-02 6.219057366251945e-02 1.128346920013428e+00 -3.735157775878906e+01 
0.000000000000000e+00 0.000000000000000e+00 0.000000000000000e+00 1.000000000000000e+00 
src volume info
valid = 1  # volume info valid
filename = nu_noneck.mgz
volume = 256 256 256
voxelsize = 1.000000000000000e+00 1.000000000000000e+00 1.000000000000000e+00
xras   = -9.999998807907104e-01 -5.960464477539062e-08 0.000000000000000e+00
yras   = 6.266661177287940e-18 3.942607497223747e-19 -1.000000000000000e+00
zras   = -7.450580596923828e-09 1.000000000000000e+00 0.000000000000000e+00
cras   = -3.210861206054688e+00 6.070281982421875e+00 1.084745788574219e+01
dst volume info
valid = 1  # volume info valid
filename = /neuro/arch/x86_64-Linux/packages/freesurfer/stable-5.3/average/RB_all_withskull_2008-03-26.gca
volume = 256 256 256
voxelsize = 1.000000000000000e+00 1.000000000000000e+00 1.000000000000000e+00
xras   = -1.000000000000000e+00 0.000000000000000e+00 0.000000000000000e+00
yras   = 0.000000000000000e+00 0.000000000000000e+00 -1.000000000000000e+00
zras   = 0.000000000000000e+00 1.000000000000000e+00 0.000000000000000e+00
cras   = 0.000000000000000e+00 0.000000000000000e+00 0.000000000000000e+00
fscale 0.150000
