# transform file transforms/talairach_with_skull.lta
# created by madelyn.rubenstein on Thu Jun 25 17:30:04 2015

type      = 0
nxforms   = 1
mean      = 121.0000 135.0000 122.0000
sigma     = 10000.0000
1 4 4
1.108408093452454e+00 1.101518701761961e-02 -5.876658484339714e-02 -4.998453617095947e+00 
-1.295207068324089e-02 1.336293935775757e+00 -6.977333128452301e-02 -1.616102790832520e+01 
5.903000384569168e-02 6.932922452688217e-02 1.121259331703186e+00 -3.886806106567383e+01 
0.000000000000000e+00 0.000000000000000e+00 0.000000000000000e+00 1.000000000000000e+00 
src volume info
valid = 1  # volume info valid
filename = nu.mgz
volume = 256 256 256
voxelsize = 1.000000000000000e+00 1.000000000000000e+00 1.000000000000000e+00
xras   = -9.999998807907104e-01 -5.960464477539062e-08 0.000000000000000e+00
yras   = 6.266661177287940e-18 3.942607497223747e-19 -1.000000000000000e+00
zras   = -7.450580596923828e-09 1.000000000000000e+00 0.000000000000000e+00
cras   = -3.210861206054688e+00 6.070281982421875e+00 1.084745788574219e+01
dst volume info
valid = 1  # volume info valid
filename = /neuro/arch/x86_64-Linux/packages/freesurfer/stable-5.3/average/RB_all_withskull_2008-03-26.gca
volume = 256 256 256
voxelsize = 1.000000000000000e+00 1.000000000000000e+00 1.000000000000000e+00
xras   = -1.000000000000000e+00 0.000000000000000e+00 0.000000000000000e+00
yras   = 0.000000000000000e+00 0.000000000000000e+00 -1.000000000000000e+00
zras   = 0.000000000000000e+00 1.000000000000000e+00 0.000000000000000e+00
cras   = 0.000000000000000e+00 0.000000000000000e+00 0.000000000000000e+00
